camera_matrix: [890.696167 ,0.000000   ,678.131240 ,0.000000,
                0.000000   ,912.169617 ,365.652024 ,0.000000,
                0.000000   ,0.000000   ,1.000000   ,0.000000]

rlc:  [   1.0000000,  0.0000000,  0.0000000,
   0.0000000,  1.0, 0.0,
   0.0000000,  0.0,  1.0 ]

tlc: [0.0,0.0,0.0]



