camera_matrix: [893.509583 ,0.000000   ,632.748104 ,0.000000,
0.000000   ,910.772888 ,393.341688 ,0.000000,
0.000000   ,0.000000   ,1.000000   ,0.000000]

rlc: [0.999478   ,0.0301283  , 0.0116781,
          -0.0240397  ,0.9348230  ,-0.3542980,
          -0.0215914 ,0.3538320  , 0.9350600]

tlc: [ 0.7103788, 0.07362065, 0.07909130]


camera_matrix: [646.53807309613160 ,0.000000   ,320.94123353073792 ,0.000000,
                0.000000   ,647.36136487241527 ,219.07092188981900 ,0.000000,
                0.000000   ,0.000000   ,1.000000   ,0.000000]


tlc: [-0.0790913, -0.00362065, 0.0203788]


tlc: [-0.0790913, 0.0362065, -0.057]


tlc: [0.0 ,-0.056 ,0.0]




camera matrix
895.190826 0.000000 665.821542
0.000000 899.484899 365.878807
0.000000 0.000000 1.000000

distortion
0.082154 -0.167635 -0.000459 0.006296 0.000000

rectification
1.000000 0.000000 0.000000
0.000000 1.000000 0.000000
0.000000 0.000000 1.000000

projection
890.696167 0.000000 678.131240 0.000000
0.000000 912.169617 365.652024 0.000000
0.000000 0.000000 1.000000 0.000000


