camera_matrix: [920.731567, 0.0,        655.240718, 0.0,
                0.0,        932.416382, 350.536083, 0.0,
                0.0,        0.0,        1.0,        0.0]

rlc:  [ -0.0348995, -0.9993908,  0.0000000,
  -0.2417745,  0.0084430, -0.9702957,
   0.9697046, -0.0338628, -0.2419219 ]

#tlc: [0.01,-0.033,0.033]
tlc: [0.03,0.01,-0.079]
#tlc: [0.033,0.0,0.00]


